8 10
8 9
7 9
8 11
9 8
6 9
9 8
12 11
8 7
7 6
13 7
8 9
7 9
6 9
5 9
8 8
7 7
7 10
6 6
11 6
8 5
12 9
7 6
5 4
7 6
10 6
7 8
7 8
6 9
4 6
4 8
5 9
5 9
2 11
8 9
12 6
8 11
6 9
3 6
8 10
7 11
6 12
8 9
7 9
8 11
10 7
10 10
6 9
5 9
9 8
9 10
8 6
8 8
7 7
10 7
8 10
8 10
7 11
8 11
6 11
9 12
8 9
8 8
8 7
8 9
7 9
10 9
9 7
13 11
10 12
14 8
13 7
12 6
11 10
8 9
7 9
10 9
9 7
9 11
13 11
13 9
11 9
9 8
9 7
8 6
7 5
7 8
6 4
11 4
11 6
10 7
12 6
9 7
10 8
8 9
7 9
8 7
9 4
9 10
9 9
9 12
8 11
7 10
7 8
8 7
5 10
7 10
8 8
11 7
13 6
8 10
10 7
9 9
8 10
7 11
8 8
7 7
10 9
8 9
7 9
6 9
7 14
6 15
5 16
9 12
9 8
9 7
12 9
8 10
7 11
9 2
12 11
11 10
13 12
0 0
10 6
8 8
7 7
8 10
7 11
10 7
10 12
12 9
10 9
6 6
11 7
6 12
7 10
5 13
10 8
9 8
9 7
11 1
9 6
11 5
8 6
9 4
13 1
10 2
10 5
13 5
12 6
8 8
8 8
7 7
8 8
7 7
9 8
9 7
8 8
7 7
6 6
3 5
8 8
7 7
6 6
5 5
9 8
9 7
8 8
7 7
8 10
8 9
7 9
8 9
9 7
9 11
7 10
6 11
7 11
8 11
5 11
9 8
8 8
7 8
8 10
8 6
12 8
6 8
10 8
8 8
7 8
9 6
9 10
7 7
7 6
6 9
8 8
8 8
8 7
6 4
5 5
8 10
7 11
6 12
8 9
7 9
8 11
13 6
10 7
8 10
8 8
8 7
8 9
7 9
8 11
8 7
6 9
12 11
12 9
12 7
11 7
10 8
8 10
7 11
8 8
8 9
7 9
8 10
9 7
9 11
7 9
11 10
9 10
10 10
7 10
8 8
9 7
9 10
7 9
7 6
10 9
8 11
10 5
10 8
8 6
11 6
10 7
8 12
13 8
13 7
12 7
11 8
8 8
9 7
9 10
7 9
10 5
10 10
12 7
10 7
8 7
11 5
9 6
8 5
8 6
8 9
8 8
9 8
9 11
7 8
10 7
10 10
9 8
8 12
10 9
8 7
8 7
6 9
10 6
13 6
13 9
7 13
6 14
